$ 1 0.000005 10.20027730826997 50 5 50
172 0 48 -32 48 0 7 5 5 0 0 0.5 X
172 0 64 -32 64 0 7 0 5 0 0 0.5 Y
R 0 32 -32 32 0 0 40 5 0 0 0.5
w 0 48 16 48 0
a 144 64 208 64 8 15 -15 1000000 0.00003846067485737408 0 100000
w 16 48 32 48 0
w 32 48 48 48 0
w 48 48 64 48 0
r 64 48 96 48 0 1300
w 128 48 144 48 0
w 128 48 128 16 0
w 208 64 224 64 0
w 224 64 224 16 0
w 128 16 144 16 0
r 144 16 176 16 0 1000
w 176 16 224 16 0
w 144 80 128 80 0
g 128 80 128 96 0 0
r 64 80 96 80 0 2100
w 0 32 16 32 0
w 0 64 16 64 0
w 16 64 16 80 0
w 16 80 32 80 0
w 32 80 48 80 0
w 48 80 64 80 0
w 96 48 112 48 0
w 112 48 128 48 0
w 112 48 112 80 0
w 112 80 96 80 0
w 16 32 32 32 0
w 224 64 240 64 0
r 240 64 272 64 0 1000
w 272 64 288 64 0
a 320 80 384 80 8 15 -15 1000000 -0.00001465078826642653 0 100000
w 288 64 304 64 0
w 304 64 320 64 0
w 304 64 304 32 0
w 304 32 320 32 0
r 320 32 352 32 0 1000
w 352 32 400 32 0
w 400 32 400 80 2
w 384 80 400 80 0
w 288 64 288 96 0
w 288 96 272 96 0
r 272 96 240 96 0 2100
w 224 112 224 96 0
w 224 96 240 96 0
w 32 32 48 32 2
w 48 112 224 112 0
a 144 192 208 192 8 15 -15 1000000 0.00003571367347988319 0 100000
w 208 192 224 192 0
w 224 192 224 144 0
w 144 176 128 176 0
w 128 176 128 144 0
w 128 144 144 144 0
r 144 144 192 144 0 1000
w 192 144 224 144 0
w 224 192 240 192 0
w 128 176 112 176 0
w 112 176 96 176 0
r 96 176 64 176 0 1400
w 144 208 128 208 0
g 128 208 128 224 0 0
w 48 32 48 112 0
w 48 112 48 176 0
w 48 176 64 176 0
r 240 192 272 192 0 1000
w 272 192 288 192 0
w 288 192 288 224 0
w 288 224 288 256 0
w 288 224 272 224 0
w 288 256 272 256 0
w 288 192 304 192 0
w 304 192 320 192 0
a 320 208 384 208 8 15 -15 1000000 6.122134123394156e-10 0 100000
w 304 192 304 160 0
w 304 160 320 160 0
r 320 160 352 160 0 1000
w 352 160 400 160 0
w 400 160 400 208 2
w 400 208 384 208 0
w 320 96 304 96 0
g 304 96 304 112 0 0
w 320 224 304 224 0
g 304 224 304 240 0 0
r 272 224 240 224 0 1400
r 272 256 240 256 0 1400
w 240 224 176 224 0
w 176 224 176 240 0
w 176 240 32 240 0
w 32 240 32 48 0
w 16 80 16 256 0
w 16 256 240 256 0
w 400 208 416 208 0
w 400 80 416 80 0
d 416 80 448 80 2 1N5711
d 416 208 448 208 2 1N5711
w 448 208 592 208 2
r 656 128 688 128 0 480
r 656 160 688 160 0 710
w 544 48 560 48 0
r 560 48 592 48 0 1000
a 560 96 624 96 8 15 -15 1000000 0.00005050403532292634 0 100000
w 592 48 640 48 0
w 640 48 640 96 2
w 640 96 624 96 0
w 560 112 544 112 0
g 544 112 544 128 0 0
w 640 96 656 96 0
r 656 96 688 96 0 1000
w 688 96 704 96 0
a 736 112 800 112 8 15 -15 1000000 -0.000036154382108992464 0 100000
w 704 96 720 96 0
w 720 96 720 64 0
w 720 64 736 64 0
r 736 64 768 64 0 1000
w 720 96 736 96 0
w 768 64 816 64 0
w 816 64 816 112 2
w 816 112 800 112 0
w 736 128 720 128 0
g 720 128 720 144 0 0
w 816 112 832 112 0
d 832 112 848 112 2 1N5711
w 848 112 864 112 0
w 864 112 896 112 2
w 896 112 896 128 0
r 896 128 896 160 0 1000
w 896 160 896 176 0
g 896 176 896 192 0 0
w 48 176 48 272 0
w 704 96 704 128 0
w 704 128 688 128 0
r 480 272 512 272 0 990
w 560 80 544 80 0
w 544 48 544 80 0
w 544 80 528 80 0
w 528 80 528 272 0
w 528 272 512 272 0
w 480 272 48 272 0
w 656 128 592 128 0
w 592 128 592 144 0
w 688 160 704 160 0
w 704 160 704 128 0
w 656 160 464 160 0
w 448 80 464 80 0
w 464 80 464 160 0
w 592 208 592 144 0
207 896 112 896 80 4 Output
