$ 1 0.000005 10.20027730826997 50 5 50
a 32 48 80 48 8 15 -15 1000000 0 0 100000
w 32 64 16 64 0
g 16 64 16 80 0 0
w 32 32 16 32 0
w 16 32 16 0 0
w 16 0 32 0 0
r 32 0 64 0 0 1000
w 64 0 96 0 0
w 96 48 80 48 0
w 144 32 160 32 0
w 160 32 176 32 0
a 176 48 224 48 8 15 -15 1000000 0 0 100000
w 160 32 160 0 0
w 160 0 176 0 0
r 176 0 208 0 0 1000
w 208 0 240 0 0
w 240 0 240 48 0
w 224 48 240 48 0
w 240 48 256 48 0
w 176 64 160 64 0
g 160 64 160 80 0 0
w 96 48 96 32 0
w 96 32 96 0 0
w 96 32 112 32 0
r 112 32 144 32 0 1000
w 160 32 160 48 0
w 160 48 112 48 0
w 112 48 112 96 0
w 112 96 16 96 0
w 16 0 0 0 0
