172 -112 0 -144 0 0 7 0 5 0 0 0.5 x
172 -112 16 -144 16 0 7 0 5 0 0 0.5 y

R -80 0 -96 0 0 0 40 5 0 0 0.5
a 32 48 80 48 8 15 -15 1000000 0 0 100000
w 32 64 16 64 0
g 16 64 16 80 0 0
w 32 32 16 32 0
w 16 32 16 0 0
w 16 0 32 0 0
r 32 0 64 0 0 1000
w 64 0 96 0 0
w 96 48 80 48 0
w 144 32 160 32 0
w 160 32 176 32 0
a 176 48 224 48 8 15 -15 1000000 0 0 100000
w 160 32 160 0 0
w 160 0 176 0 0
r 176 0 208 0 0 1000
w 208 0 240 0 0
w 240 0 240 48 0
w 224 48 240 48 0
w 240 48 256 48 0
w 176 64 160 64 0
g 160 64 160 80 0 0
w 96 48 96 32 0
w 96 32 96 0 0
w 96 32 112 32 0
r 112 32 144 32 0 1000
w 160 32 160 48 0
w 160 48 112 48 0
w 112 48 112 96 0
w 112 96 16 96 0
w 16 0 0 0 0
d 256 48 288 48 2 1N5711
w 288 48 304 48 0
w 0 0 -16 0 0
r -16 0 -48 0 0 2093
w -48 0 -64 0 0
w -64 0 -80 0 0
w 16 96 -16 96 0
r -16 96 -48 96 0 1316
w -48 96 -64 96 0
w -64 96 -112 0 0
w 16 96 16 128 0
w 16 128 -16 128 0
r -16 128 -48 128 0 2093
w -48 128 -64 128 0
w -64 128 -112 16 0
R -64 304 -80 304 0 0 40 5 0 0 0.5
a 32 192 80 192 8 15 -15 1000000 0 0 100000
w 32 208 16 208 0
g 16 208 16 224 0 0
w 32 176 16 176 0
w 16 176 16 144 0
w 16 144 32 144 0
r 32 144 64 144 0 1000
w 64 144 96 144 0
w 96 192 80 192 0
w 144 176 160 176 0
w 160 176 176 176 0
a 176 192 224 192 8 15 -15 1000000 0 0 100000
w 160 176 160 144 0
w 160 144 176 144 0
r 176 144 208 144 0 1000
w 208 144 240 144 0
w 240 144 240 192 0
w 224 192 240 192 0
w 240 192 256 192 0
w 176 208 160 208 0
g 160 208 160 224 0 0
w 96 192 96 176 0
w 96 176 96 144 0
w 96 176 112 176 0
r 112 176 144 176 0 1000
w 160 176 160 192 0
w 160 192 112 192 0
w 112 192 112 240 0
w 112 240 16 240 0
w 16 144 0 144 0
d 256 192 288 192 2 1N5711
w 288 192 304 192 0
w 16 240 -16 240 0
r -16 240 -48 240 0 1316
w -48 240 -64 240 0
w -64 240 -112 0 0
w 16 240 16 272 0
w 16 272 -16 272 0
r -16 272 -48 272 0 2093
w -48 272 -64 272 0
w -64 272 -112 16 0
w 16 272 16 304 0
w 16 304 -16 304 0
r -16 304 -48 304 0 1405
w -48 304 -64 304 0
w -64 304 -64 304 0